3,2,4,0,1,5,3,4,-1,5,9,-1,-1,8,3,7,0,1
5,3,8,-1,6,0,1,1,8,3,5,4,7,3,8,7,3,-1
0,4,0,6,5,-1,7,8,0,-1,6,9,3,6,9,2,-1,6
9,5,2,7,1,4,3,5,2,2,7,7,6,4,2,2,7,2
1,1,7,2,-1,2,2,9,2,9,-1,7,7,1,6,5,6,6
5,-1,2,7,8,9,1,8,1,8,1,2,8,1,7,9,6,9
7,0,-1,8,5,-1,8,0,6,8,1,2,8,6,-1,6,4,9
8,7,0,-1,0,6,5,9,1,8,7,8,1,6,6,1,5,0
5,-1,9,1,6,-1,9,3,4,7,4,6,8,8,-1,8,1,1
9,7,-1,3,9,0,7,3,0,7,1,0,4,5,5,0,0,4
3,5,2,9,2,4,0,6,3,9,4,1,3,2,4,6,-1,3
1,2,5,5,3,7,8,0,7,-1,0,0,2,9,-1,1,5,-1
0,7,6,1,6,0,7,5,8,6,-1,7,3,-1,9,-1,7,5
8,2,2,2,3,5,9,8,7,4,9,9,9,7,7,-1,1,6
6,6,2,4,2,9,3,5,0,8,4,2,6,1,-1,2,3,7
3,-1,6,-1,4,0,4,5,7,5,3,8,1,8,-1,6,7,2
1,4,8,2,5,-1,6,-1,7,2,4,2,-1,8,8,1,7,8
0,2,2,8,8,4,8,5,7,7,6,-1,1,1,9,-1,0,2
0,0
17,17
end