5,8,3,1,0,5,2,2,-1,2,5,3,3,3,5,3,8
8,6,6,8,6,8,4,4,8,7,3,9,3,-1,9,5,7
0,0,5,4,9,6,0,5,2,0,8,1,8,9,2,6,7
0,8,-1,8,9,1,3,4,8,0,4,-1,5,3,8,-1,6
1,-1,9,2,4,9,3,5,8,7,6,9,4,8,3,9,2
9,6,-1,6,8,7,4,1,3,1,6,4,5,2,1,2,2
1,2,0,8,1,9,-1,8,7,8,1,-1,-1,-1,4,8,0
3,7,7,1,3,2,2,4,2,3,-1,6,2,2,3,9,5
9,3,8,0,2,2,4,2,1,8,1,4,9,8,8,2,2
1,7,8,3,6,9,9,3,4,8,9,2,1,9,2,8,0
3,1,4,4,5,0,1,1,2,1,0,5,1,8,1,2,1
0,2,4,8,1,0,7,4,-1,1,3,6,0,6,0,1,1
9,7,9,7,0,3,5,-1,2,1,4,9,2,0,8,7,-1
4,4,4,2,3,8,8,-1,1,5,6,-1,0,-1,7,7,6
6,4,4,5,7,9,2,8,8,-1,6,4,4,2,5,3,3
-1,2,2,8,9,6,0,7,6,7,3,7,1,9,3,3,8
9,9,1,3,6,4,1,5,1,5,2,4,3,0,4,4,2
0,0
16,16
end